A,0.741438091 -1.064413905 1.348438263 0.644042373 -1.14388144 1.142725825 0.839162588 0.436714858 -1.244737267 -1.388962865 -0.31052649
AA,0.635561526 -0.682495415 0.346675843 2.094937563 -1.56069541 0.31231758 0.502506077 -0.434160352 -0.995179415 -1.013207555 0.793739676
AAPL,0.944575965 -0.052177068 -0.036613762 0.199089274 -2.028619528 0.374608606 1.671517134 1.086999536 -0.897538066 -0.970930576 -0.290911645
ABC,0.44565022 -0.913353264 1.886128783 0.586868346 0.332195818 -0.091142125 -0.02228695 0.856354237 -0.455873281 -0.428852886 -2.195688963
ABT,1.822873712 0.487762243 1.272439241 -0.37879768 -0.598540008 0.358971298 -0.81307745 -0.799742937 -1.687821507 -0.533342659 0.869275808
ADBE,0.688938498 -0.021276172 0.897106647 0.650937438 -1.437027335 0.94886297 0.311481059 -0.557001591 -0.498086512 -2.103112698 1.11917758
ADI,-0.392953038 -0.906482756 1.93335259 0.563831329 -1.92135334 0.957246542 -0.276333541 0.382999897 -0.413847774 -0.65719533 0.730735421
ADM,0.419400603 0.39029187 1.0958426 0.48452425 -0.938697875 -0.397532552 -0.28454265 -0.707712173 -2.21092701 0.618016958 1.531336069
ADP,0.402369648 0.245311007 1.835936189 -0.517431498 -1.28820169 0.293016583 1.432027578 -0.757184625 -1.522541046 -0.533051848 0.409749806
ADSK,-0.105563708 0.344174415 -0.889060974 0.450820416 -0.758432448 1.175854802 0.206402764 1.05264914 -1.377306104 -1.609621644 1.510083318
AEE,-1.101652503 -0.138128072 0.8309834 1.497246504 -1.538430691 -0.541022122 1.121356964 -0.008813666 -0.864771128 -0.601519227 1.344750643
AEP,-0.510246873 -1.040811777 1.311640263 1.22853303 -0.327227443 -0.7987867 0.052213401 -0.188980281 -1.505083919 -0.058209646 1.836959958
AES,1.313884974 -1.406252146 0.204923928 0.826373935 -0.359827667 -0.648690879 -0.458053142 0.880218029 -1.089674592 -0.968865573 1.705963016
AET,-0.264728099 -0.936154783 1.47917366 0.867864609 -0.577529371 -0.021295611 1.691023588 -1.62255764 -0.160907224 -0.987966955 0.533077717
AFL,0.37477991 -0.858806551 1.360787392 -0.194544643 0.3140679 0.000969923 0.923379123 -0.988483965 -1.821290255 -0.693772018 1.58291328
AGN,0.077145256 -1.03615582 1.173814535 1.149273276 -1.516665936 0.095070802 1.677637339 -0.544644117 -1.011265516 -0.655251205 0.591041446
AIG,-0.151803628 -1.186757207 -1.169337511 0.344512224 -1.143146873 0.144011632 2.284418583 0.848310888 -0.534045458 -0.149728954 0.713566363
AIV,1.305049062 -1.711373448 0.050494257 1.017303705 -0.811049223 0.231402442 0.372381568 1.350222349 -1.189908385 -1.032786608 0.418264151
AIZ,0.779525578 -1.720482349 0.320251852 -0.928662598 0.710232913 -0.820758164 1.681439042 0.605287313 -1.119150877 -0.354646236 0.846963584
AKAM,0.426677495 -0.579014421 1.251344919 -0.232494131 -1.126149178 -0.133926317 1.297637939 1.751246572 -0.595212638 -0.611970782 -1.448139429
AKS,-0.048345201 -1.005367637 1.648586035 0.600996494 -0.171246752 0.54049474 0.562482595 -1.650881529 -0.571867168 -1.219913602 1.315062046
ALL,1.072654128 -0.978363991 -0.656323433 1.445964217 -0.021860685 1.126809955 0.881926 0.334150046 -1.435453057 -1.425547004 -0.343956053
ALTR,0.483960927 -0.899597406 0.204895049 0.612386703 -1.433725119 1.678296208 -0.630879939 0.116620399 -1.627628088 0.253891498 1.241779685
AMAT,0.308921427 -0.933924496 0.034402966 1.916118383 -1.629915476 0.168427974 1.475698829 0.418996453 -0.754660904 -0.854051948 -0.150013342
AMD,1.055523872 -0.998051822 1.74053371 1.44047761 -1.399340153 -0.051336534 0.468078732 -0.432462037 -0.588603318 -1.010840774 -0.223979279
AMGN,0.266937584 -1.886439323 1.04112494 0.199545458 0.75489819 -0.467802972 1.187313676 -0.658677876 -1.6677351 0.421469599 0.809365988
AMP,1.681839943 -0.654274642 0.438622564 -0.180946201 -0.505027115 0.09586855 0.936051846 -0.145108804 -1.738692522 -1.25472784 1.3263942
AMT,2.031018496 -0.221268028 1.092926264 0.34737134 -0.968392015 -0.565253258 -0.674717247 -1.40944767 -0.776488125 1.098519206 0.045731224
AMZN,0.874909937 2.111275196 0.611652553 -0.418858737 -0.88340956 -0.787860274 0.849141359 -0.257073015 -1.022215605 -1.379533529 0.301971912
AN,-0.844070971 -0.297730923 -0.581039488 0.66386199 -0.987956583 -0.462208718 -0.092293456 1.031389713 -0.399876952 -0.605382919 2.575308323
ANF,-0.033033598 -0.142328233 1.255688906 -0.999877691 -0.785607994 0.873722374 1.527834892 -0.432552308 -1.354941249 -1.10774672 1.198841572
APA,0.974981844 0.126690134 0.029481014 1.001149535 -0.802899241 0.5193941 -0.486547202 -0.152790979 -1.916453004 -1.048820376 1.755814195
APC,1.0394665 -0.222655877 -0.174395785 0.235144168 0.079122514 0.532587171 0.176563904 -0.902131021 -0.969968557 -1.857375383 2.063642502
APD,0.484748513 0.01224927 0.970772505 -0.310288191 -0.877956331 -1.359460235 1.107951045 0.544974387 -1.407141209 -0.858610809 1.692761064
APH,0.601632714 0.458022326 -0.00383199 1.106513262 -1.919711947 0.222168937 -0.158409178 0.806536615 -1.276878119 -1.172963619 1.336921096
APOL,1.613716125 -1.595521927 -0.245931089 0.866937399 0.253554583 0.134722948 0.487374574 -0.381151378 -0.488384515 -1.759004474 1.113687754
ATI,0.662501097 -1.356749654 0.620342791 1.750851035 -0.933157444 0.107704118 1.224898338 -0.414365858 -0.199592426 -1.627421737 0.164989755
AVB,0.895445406 -1.010287285 -0.157294616 0.983270109 -1.307565689 0.152467385 0.12731795 1.750995398 -1.200619936 -1.092047215 0.858318567
AVP,0.690817595 -0.330849886 0.389261037 -0.89720118 -0.493124127 0.08525382 1.203589439 -0.518090725 -1.989606142 -0.018995535 1.878945708
AVY,1.535748482 -0.304679036 0.38222605 -0.485923916 -1.326287866 -0.480747551 1.398540735 0.561579466 -1.484722257 -0.814305961 1.018571854
AXP,-0.295853913 -0.075542308 1.914506793 -0.660535634 -1.085658789 -0.169093609 0.548888981 0.953840494 -1.788693428 -0.367629409 1.025770783
AYE,0.205979824 -0.638109922 -1.540795326 1.096670389 -1.349650145 1.27600348 0.362874627 -0.589215398 -0.694334805 0.297547013 1.573030114
AZO,-0.868912756 -2.121934652 1.029110551 0.716990173 -1.124351621 0.744741738 0.177835777 0.714618921 -0.060603876 -0.467003167 1.259508967
BA,0.650187373 -1.832225442 0.874516845 -0.002659832 0.983929515 0.104591571 1.32633245 -0.404277235 -1.672080278 -0.629588902 0.601274014
BAC,-0.292137086 -1.371472478 1.065107465 -0.461733252 0.372511804 1.66447258 1.288291097 0.241357222 -1.434015274 -0.998513997 -0.073868074
BAX,0.307997018 -0.313058734 0.291267455 1.329203844 0.030320348 0.128336906 0.593532085 -2.312770367 -1.169576287 -0.2324664 1.347214103
BBBY,0.330990225 -1.08571744 0.913158476 0.394239068 -0.053082146 0.994009495 0.655959189 0.635896981 -0.427400559 -2.581521034 0.223467767
BBT,-0.224329665 -1.075445771 0.171737641 0.342263192 1.369785786 0.404248744 1.843841672 0.437283903 -1.065257907 -1.5774014 -0.62672621
BBY,0.346613437 0.28530851 1.13251996 -0.820751071 -0.743467748 -0.049239356 1.70469892 0.717660129 -0.749934435 -2.060880184 0.23747173
BCR,-0.495931864 -0.802865863 1.90920043 -1.09431994 1.396914959 0.256569684 0.751919687 0.004712459 -1.347296 -0.881693065 0.302789539
BDX,0.028833939 -0.84856832 2.291079044 1.006651282 -0.831671834 0.612836659 0.200042993 -0.565257013 -1.244578004 -0.968934655 0.319566071
BEN,0.74945724 0.30854398 0.259422779 -0.399095505 -0.792548716 0.18211028 0.887592971 0.356318802 -1.818869591 -1.478375912 1.745443583
BF.B,0.778470993 -0.757319152 0.666754246 0.232491076 -1.315214872 -0.231235713 1.773279309 -0.955920815 -1.397912621 -0.028424999 1.235032558
BHI,1.699565291 -0.432495594 -0.603292704 -0.37917769 0.682364762 0.17033644 -0.516421795 0.204622716 -2.308751583 0.439019799 1.044230342
BIG,-0.458962649 -0.219706774 -1.133038044 2.114753246 -0.496115893 1.382103682 0.513061106 0.151362464 -1.02002871 -1.176609635 0.343181014
BIIB,-0.082693852 -1.649213314 0.696177065 1.360903144 -0.103133917 0.104092874 0.316582382 -0.924916208 -1.341866612 -0.147123218 1.771191597
BK,-0.130412608 -0.778041661 -0.1669074 1.064980507 0.898281872 -0.107732236 1.618685246 0.359370798 -1.906805754 -1.33384788 0.482429177
BLL,-0.056604553 -0.70071876 0.046823427 0.59075582 -0.741363227 0.958260596 -0.62911731 -0.441044122 -1.92500031 1.139520168 1.758488178
BMC,1.130570173 -0.663973212 1.363671064 0.752048969 -0.812937796 -1.034769535 0.667335868 0.761126876 -1.320842028 -1.421167016 0.578936636
BMS,-0.648482919 0.159711748 1.595184922 -0.011088893 -1.125049114 0.518556118 -0.533250034 0.785653174 -1.180492163 -1.209172845 1.64842999
BMY,0.077392735 -0.457665056 2.059842587 -0.2409098 -0.764313936 -0.105139293 1.219312668 -1.031969309 -1.524079442 0.983465135 -0.215936244
BRCM,0.55193013 -1.662799954 0.730374932 0.541456223 -1.865966082 1.535430312 0.354968339 0.135268658 -0.276956826 -0.743833244 0.700127482
BSX,-0.478616506 -2.226844311 1.204578042 1.782669783 0.270140439 -0.535868764 -0.068708353 0.192417577 -0.763449013 0.267395556 0.356285691
BTU,1.155370831 0.341551274 0.964551747 -0.18866545 -1.127058864 0.632117271 -0.439102024 -0.128646776 -2.203445911 -0.326375574 1.31970346
BXP,0.571127832 -1.792013168 1.566799402 -0.342781633 -0.729485095 0.176227376 0.894064128 0.155420348 -0.671073735 -1.146690607 1.318405151
C,-0.186891571 -1.360068202 0.182378784 -1.713099957 0.141731173 0.339491725 1.9072963 0.854798496 -0.766996861 -0.360534638 0.961894631
CA,-0.058202524 -0.864312112 1.377409339 0.461830497 -0.149819523 0.541920364 0.930696309 -0.307061076 -1.791641474 -1.419952989 1.279133081
CAG,1.161439657 -1.133221984 1.111302972 0.695913494 -0.712183237 1.690692425 0.323222667 -0.994960308 -0.66908747 -1.308745503 -0.164372742
CAH,-2.584376574 0.675289333 1.637090087 0.02951985 0.324608475 0.341670245 0.729489446 -0.405574977 -0.040969882 -0.270102441 -0.4366436
CAM,0.46555984 -0.214704007 -0.077907734 0.947517574 -1.16523695 0.806436718 0.289977491 -0.96191591 -0.995817423 -1.19219923 2.098289728
CAT,1.070093989 0.202793255 0.350721925 -0.806940436 -1.517488956 0.581954002 0.69672811 0.477810264 -1.808352709 -0.655899048 1.408579588
CB,0.54895556 -0.952971458 0.295512915 -0.956851542 0.398424953 0.115660317 0.809819758 0.51188308 -2.114565372 -0.405644 1.749775767
CBG,-0.396209866 -0.520279408 -0.349268258 1.179794908 -1.081975698 0.261155069 1.288777471 0.418807864 -1.021076441 -1.45771873 1.677993178
CBS,1.257201791 -0.632816374 0.529857814 0.58614707 -1.169935584 -0.33071056 0.350700378 1.243169546 -1.389539361 -1.490632772 1.046558142
CCE,0.232868567 -1.529197216 -0.037649747 0.43383792 -0.869853914 2.356553793 0.47199145 -0.352875203 -0.984637141 -0.473702192 0.752663732
CCL,1.08833766 -1.354040146 0.71297884 -0.300421774 0.283244669 0.537393808 0.558857441 0.477713346 -1.42870307 -1.748372197 1.173011422
CEG,0.368333906 -0.760212898 0.432551742 1.799672008 -1.451319337 1.472781777 -0.006419092 0.092351086 -0.011481873 -1.560507059 -0.375750214
CELG,0.869424522 -1.438818336 1.246558785 -0.050486952 0.162698448 0.551984787 0.452796906 -0.100528829 -2.14087534 -0.609381735 1.05662787
CEPH,0.346593142 -1.121606827 0.159400478 2.202660322 0.348193288 1.215012789 -0.236848116 -0.889843285 -1.387233615 -0.611816227 -0.02451198
CF,0.390184492 -0.330974817 0.144963697 0.450266421 0.126539886 1.093137503 -1.186984658 -0.713239729 -1.493912816 -0.653999567 2.174019575
CHK,2.458672047 -1.249024153 -0.315220803 0.845831633 -0.396996528 0.748915792 -1.073829412 0.095087126 -0.585159779 -0.593905389 0.06562952
CHRW,0.166271389 -0.683782339 -0.317671597 0.576219499 -0.779846132 -1.122110963 0.481974691 0.980302513 -0.793239295 -0.877201021 2.369083166
CI,-0.669246793 -0.334414184 2.003015757 1.175864458 -0.631029844 0.094932579 0.772130311 -1.662410259 0.470012844 -1.006181359 -0.212673336
CINF,0.090474993 -1.00861001 0.189179927 0.54933548 -0.033366021 0.309315473 1.764321923 -0.602523863 -1.319865346 -1.43888545 1.500622988
CL,1.017754912 0.24870275 1.878223419 -0.811496317 -0.850721776 0.697036326 0.488171607 -0.546959937 -1.987396479 0.005375009 -0.138689503
CLX,-0.48997578 -0.836835325 1.105407953 0.116438076 -1.414446712 0.990892112 1.354122758 -0.006479398 -1.380172968 -0.705797553 1.266846776
CMA,1.04418838 -1.293375254 -0.235723674 0.033460665 1.791130185 0.127307281 0.248154059 0.929427624 -1.766229749 -0.95156002 0.073220618
CMCSA,0.812700272 -1.704618692 -0.275690109 1.331801534 -0.940419972 0.131621599 1.281322241 0.254141808 -1.197448611 -0.711321235 1.017911077
CME,0.89382112 0.013894632 0.992734671 0.370464414 -2.141839027 0.789045691 0.729174674 0.637949347 -0.544961274 -1.617840052 -0.122444086
CMI,-0.655403018 -0.571556926 -0.505525589 -0.344412804 -0.693621814 1.90387094 0.319536328 1.03317976 -1.108883142 -0.947683156 1.57049942
CMS,-0.334611356 -0.320666432 0.85158062 1.544093728 -0.905791819 -0.197395965 -0.087986365 0.646998823 -2.137776375 -0.35888195 1.300437093
CNP,-0.224572808 -0.003678982 0.771366417 1.561545372 -1.029354215 -1.073821306 1.165169001 -0.272046328 -1.283227921 -0.934770167 1.32339108
CNX,1.767255425 -0.316180974 0.370782584 0.690951943 -0.626797974 0.655114949 -1.414895773 0.361462325 -1.686588883 -0.719986141 0.918882549
COF,-1.213115573 0.755266964 0.297874868 -0.292104661 -1.141056418 0.257805556 1.880959153 0.796241462 -1.364088416 -0.820276618 0.842493773
COG,0.306035459 1.57100606 -0.360887349 1.870325446 -1.413439989 0.743745685 -0.923240364 -0.102795832 -0.376051903 -1.099155068 -0.215542287
COH,1.882158875 -0.831940532 0.890095949 0.331278831 -0.998254418 0.241647989 0.790580988 0.403059423 -0.586682737 -1.905198097 -0.21674633
COL,1.158126593 -0.476490587 0.596700013 0.1887777 -0.87902087 0.510995507 1.282847762 0.231124148 -1.782874584 -1.594892502 0.764706969
COP,-0.234940961 0.910349548 0.296887279 -0.437020779 -1.010836601 -0.270495951 0.542853355 1.659773946 -1.795653582 -0.928314865 1.267398596
COST,2.066747904 -0.1027698 0.987722397 -0.502004206 -0.872408867 1.104981303 -0.682571292 -0.462892413 -0.538857758 -1.508878827 0.510931492
CPB,0.730135024 -0.969067633 2.265820503 -1.250567675 -0.899727583 -0.171885058 1.279606581 0.037457265 -0.388118565 -0.335590541 -0.298062444
CPWR,0.088242427 -0.803985178 -0.90823704 0.632741511 0.806114197 -0.557510734 2.358904362 0.269209057 -1.328575373 -0.827469051 0.270565927
CRM,0.387273192 -0.542614162 0.208987862 1.308078527 -2.351405144 0.058818404 0.365314156 0.992955148 -0.618308365 -0.839519799 1.030420065
CSC,1.275282741 -0.652981758 1.619253039 0.682377636 -1.58110404 0.215956613 0.865315259 -0.517410398 -0.628291667 -1.375655651 0.097258128
CSCO,1.116654158 -0.4241243 0.107310221 0.19776386 -0.965417266 1.019753575 0.842076778 0.356083512 -2.047482252 -1.219801188 1.017182946
CSX,-0.495325208 -0.266254455 1.429547548 -0.018337592 -1.82197547 1.111463189 0.653996289 1.030754209 -1.187717795 -0.955951214 0.519800484
CTAS,1.403834224 -1.053581476 0.098641902 -0.952136636 -0.483784705 -0.162364542 1.789988637 -0.391273677 -0.609224379 -1.034429908 1.394330502
CTL,0.675819397 -1.031670809 1.92648685 0.150208384 -1.487768054 -0.054615106 0.512755096 -1.012457132 -0.079654686 -0.837309539 1.238205671
CTSH,1.271315217 -0.402229786 1.332715034 -0.21148029 -1.53772223 1.14956975 0.316349208 -0.77739507 -1.230709195 -0.818901062 0.908488512
CTXS,0.558736563 -0.892788827 -0.266403705 0.455320209 -0.463434607 -0.095243007 0.594817042 -0.542216063 -1.180863738 -0.767427862 2.599503994
CVH,-0.837886751 -0.298436552 1.767842174 0.832119763 -0.554669678 0.17518951 0.722115576 -0.365902781 -1.272681236 -1.455655694 1.287965655
CVS,-0.447957069 0.164602429 -1.590959549 0.756613612 0.284932613 0.811639249 1.379774213 0.353167027 -0.651910186 -1.928788424 0.868886232
CVX,-0.045487069 1.019774318 0.276646435 -0.354571283 -1.106869102 -0.113618881 0.586232483 0.966260076 -1.555478692 -1.380355835 1.707467556
D,0.42810607 -0.425348669 0.604541719 1.005676389 -1.299494863 -0.1899589 1.270023346 -0.133349195 -1.953038335 -0.61510396 1.307946444
DD,-0.248708561 -0.359571844 0.719399691 -0.697101235 -0.767527401 0.125649765 1.084666491 0.613385558 -1.594122767 -0.93384558 2.057775974
DE,-0.664275706 0.172760904 1.531478524 -0.364625782 -1.355072141 1.180448651 -0.060194504 -0.418860078 -0.892992795 -0.880524993 1.751857877
DELL,-0.267953664 -0.356116146 -0.22560589 0.323714733 -1.00092864 0.428189784 1.634688973 1.010934591 -1.843580723 -0.929516256 1.226173282
DF,0.096177496 0.268627256 -0.601658821 1.296702027 0.069396064 -1.098522425 0.834881246 0.251673073 -2.26267004 -0.178164691 1.323558927
DFS,1.78198874 -1.441911936 0.743798435 -0.668378294 -0.898646057 -0.172479481 0.831410289 0.253375441 -1.540931702 0.272874564 0.838900089
DGX,-0.430104882 1.640671849 0.951146841 1.063144445 -1.331139803 0.610423446 0.764633238 -0.16268307 -1.314115167 -0.902326524 -0.889650345
DHI,-1.189415812 -0.126811117 -0.557287812 0.584385097 0.81836313 0.506686687 0.258237571 1.516050696 -1.370126724 -1.571244836 1.131163001
DHR,0.757802069 0.156502426 0.386315793 0.471013337 -0.188191429 0.331371605 0.58893013 0.437545806 -0.229220763 -3.031808853 0.319739968
DIS,0.397185653 -0.480646402 1.16727066 0.574631929 -1.54327333 0.43451637 1.280673504 0.407761902 -1.671179295 -1.174553275 0.607612252
DNB,0.596524417 0.761764109 0.109352902 1.309598327 -1.007487535 -1.808613658 1.09350729 0.647889555 -0.800367594 -1.284058332 0.381890416
DNR,-0.141482919 -0.300966263 -1.032942772 0.981141925 -0.868957758 0.275551826 1.748530746 1.165019989 -1.392549276 -1.105789304 0.672443748
DO,1.405156255 1.201845407 0.313394785 0.307594121 -0.503871977 -0.17226243 0.698663354 -1.0470438 -2.330668688 0.263815552 -0.136622593
DOV,1.040031075 -0.79545784 0.679316521 -0.189423129 -0.037810933 0.261265129 -0.009086491 0.997535288 -2.083620548 -1.22992909 1.367180109
DOW,1.829960704 -0.899957538 1.070875883 -0.316518217 -0.448568135 0.154331505 0.149403811 0.131698489 -1.453150392 -1.372810006 1.154733896
DPS,0.661155045 -1.01123023 -1.046438694 0.57466948 -0.737133741 1.430327892 0.919865906 -1.331659794 1.543098688 -0.607444882 -0.39520961
DRI,0.164377302 -1.680465579 -0.091471083 1.274039149 0.408355296 1.01287055 1.030555964 -0.279169768 -0.923051775 -1.664925456 0.748885393
DTE,-0.376180798 0.9751876 0.889095485 1.346538424 -1.411232948 0.130532622 0.00316238 1.195109844 -1.854534149 -0.56000495 -0.337673396
DTV,0.719844937 -1.206103921 2.021583319 0.121251769 -1.330445647 0.734206378 -0.437570602 0.297199667 -0.023257572 -1.431744099 0.53503561
DUK,0.192309588 -0.095625021 1.277730942 0.652334392 -1.445092559 -0.60294342 -0.336539477 0.54675746 -1.72036314 -0.208812624 1.740243793
DV,1.375548005 0.151283428 -0.693626761 0.686906576 1.262805223 0.504223228 0.472396553 -0.889166951 -1.527779341 -1.679745436 0.337155551
DVA,1.548734903 -1.25137639 1.80967319 -0.354066283 0.119066961 0.368285716 0.333386183 -0.479834259 0.094374858 -0.485482752 -1.702762127
DVN,1.557814002 -0.509836555 0.413465142 1.464139581 -1.550691247 0.428447336 -1.128780127 0.692765594 -0.918082952 -0.821512341 0.372271419
EBAY,0.803073823 -0.407384306 0.917760015 -0.43584615 -0.237113386 0.020201076 2.055990219 -1.383017898 -1.162983418 -0.97789371 0.807213724
ECL,1.366043448 -1.045325398 0.040402707 -0.388294399 -0.526273072 -0.959779799 0.489624381 1.681894064 -0.835399508 -1.11738956 1.294497252
ED,0.140717268 -0.195891425 0.754789531 1.194432855 -1.328402996 -0.945317447 0.751125038 0.039643094 -1.868677855 -0.035139106 1.492721081
EFX,0.559813023 -0.902633369 0.302601635 0.892728567 0.304581136 -0.082528196 1.331892371 -1.051068664 -1.583518624 -1.203415036 1.431547284
EIX,0.125326231 -1.225494742 1.652647614 0.5348984 -1.053646564 -0.520855308 1.180082798 0.144483581 -1.46703434 -0.497540057 1.127132297
EK,-0.495206356 -1.432017446 0.963315547 0.283750594 2.410173416 -0.042846259 -0.081233576 0.374669075 -0.378106833 -1.195515871 -0.406982422
EL,-0.255781502 0.31693235 1.460065484 -0.276517212 0.398745865 1.143946767 0.307711542 -0.485172927 -2.158909559 -1.241774559 0.790753603
EMC,1.213560343 -1.329356551 0.051246013 0.408255875 -1.596470714 0.675237417 0.250863075 0.784759104 -0.991913974 -0.912277579 1.446097016
EMN,0.069279172 -0.380926102 1.347792029 -0.213302106 -0.94783175 0.380797327 0.564831436 0.35141331 -1.363624454 -1.581163406 1.772734523
EMR,0.738989472 -0.919415772 0.608121097 -0.018283965 -0.714457095 1.421428084 0.431392461 0.096070915 -1.830694079 -1.160228491 1.34707725
EOG,1.430055261 -0.25229758 -0.059878841 1.04087472 -1.142904878 0.094140276 -0.485555887 1.94904983 -1.078419566 -1.042516828 -0.452546388
EP,1.454813361 -0.964574456 -1.175393343 -0.003146722 0.066801399 0.050147906 0.112002887 1.424680591 -1.480612516 -0.790535927 1.305816889
EQR,0.78107661 -1.682865381 1.266359687 -0.039340299 -1.127128601 0.798605025 0.356200576 1.131404638 -0.603443503 -1.411365747 0.530496955
EQT,1.423671961 -0.027199512 -0.388466686 1.306301713 0.139927551 -0.00682948 -1.032012105 1.188243866 -1.674077392 -1.296619296 0.36705932
ERTS,0.606227398 -0.222333878 -0.902016461 0.666790664 -0.843342483 0.299910992 1.508437037 0.521480441 -1.575450182 -1.351307392 1.291603804
ESRX,0.54851377 0.087903909 0.764982045 0.15849106 -0.056041922 0.959932745 0.465096176 0.023164148 0.143748611 -2.984384537 -0.111405998
ETFC,-0.324050099 -0.403727055 -0.25983876 -0.284790993 -0.389113963 -0.29174149 -0.308078438 -0.309922904 -0.383087963 3.157210588 -0.202858895
ETN,0.135104924 0.316331059 0.287906736 -0.515202403 -0.918049276 0.90853864 0.908013463 -0.237998247 -1.601490736 -1.248167038 1.965012789
ETR,0.229719788 -0.55061084 0.272537589 0.828277409 -1.352878094 -0.079743713 1.43862772 -0.004746778 -1.533318639 -0.916895032 1.669030547
EXC,0.12877278 -0.418931425 0.433285326 0.554954171 -0.988447845 -0.689635634 0.506393552 0.185584947 -1.904526234 -0.030188903 2.22273922
EXPD,0.512478411 -1.091416478 -0.525702834 0.649169981 -0.515135825 0.439976096 -0.175052151 0.796677828 -0.960608661 -1.357290387 2.226904154
EXPE,0.338441581 0.119259402 0.41346404 0.056934562 -1.654307365 0.335758626 1.135827899 -0.554719388 -0.873649061 -1.279192567 1.962182164
F,-0.833090901 -0.703990459 1.716181874 0.533612072 0.216639772 0.209082514 0.113451347 -0.15728201 -1.203615427 -1.526229382 1.635240555
FAST,0.550122261 -1.502257466 0.075402983 1.318596005 -0.48896867 0.558835924 0.728653908 1.555696011 -1.541814327 -0.50484544 -0.74942112
FCX,0.570971608 0.417565525 0.879447401 -0.403248429 -1.535063267 0.877071559 0.750845373 -0.936864734 -0.747011423 -1.425217509 1.551503897
FDO,-1.935532093 0.685318232 0.349822432 -1.449176788 0.933687449 0.435653806 0.935331941 0.583501935 -0.029020078 -1.292578816 0.782992005
FDX,0.726186454 -0.439658344 1.260001302 -0.335171312 -0.825814903 0.597397923 0.797770321 -0.578677058 -0.938554764 -1.813057184 1.549577475
FE,0.500635266 -0.544629991 0.020815386 1.676609039 -0.835000515 -1.791848302 0.47014761 -0.298651218 -1.003122568 0.274922192 1.530122995
FHN,0.002633856 -1.137735724 1.965625405 0.004613936 -0.312308758 -0.002606659 1.535259008 0.260657489 -1.530886292 -0.970301151 0.185048804
FII,0.424690217 0.597449005 -0.338455349 1.607058287 -1.12896502 0.060357701 1.379889846 -1.292203665 -1.168851376 -0.947201192 0.806231499
FIS,0.334552795 -2.448001862 0.319028676 0.311788887 -0.170516223 -0.899092734 0.353337646 1.582220435 0.456527114 -0.630350173 0.790505528
FISV,-0.108920269 -0.873872638 -0.050156366 0.798684239 -1.391489148 1.201114297 0.880323827 0.043795235 -1.374255896 -0.819009006 1.693785787
FITB,-0.790763319 -1.236739755 1.002299905 -0.445204437 2.137029648 -0.32598564 0.753758013 0.664746881 -1.245522261 -0.628243268 0.114624232
FLIR,2.052401066 -0.26312682 -0.056506909 1.235363364 -1.356170058 -1.327724814 0.25729394 0.634222627 -1.054024339 -0.071660891 -0.050067171
FLR,-0.382928252 -1.050922275 -0.761985421 0.71639818 0.121271297 -0.574655414 1.009710908 1.558369517 -1.196564317 -0.998568475 1.559874177
FLS,1.219220996 -0.087795988 -0.173292547 -0.661676288 -0.627941072 0.901152194 0.819809854 0.206530735 -1.841220856 -1.236926198 1.482139349
FO,0.675610185 -1.083930254 -0.304150611 1.138021588 -0.528245866 0.416475803 0.954089165 0.685598254 -1.113759398 -1.929026842 1.089317918
FRX,0.114117622 -1.020975232 1.801792979 0.698813438 -1.051909566 0.146381646 0.730364263 -1.810412288 -0.681240141 0.876384974 0.196682289
FTI,0.650357127 0.009351949 -0.204997391 0.313593388 -1.128212214 0.258531988 1.210826755 0.166768044 -1.736812949 -1.266429186 1.727022529
FTR,0.831861794 -1.027726769 1.617311358 -0.318495184 -0.546032369 0.242441073 -0.855286419 0.982546151 -0.156256944 -1.827343225 1.056980491
GAS,-0.188716337 0.006043518 0.753686309 1.320714355 -1.29982388 0.222543493 -0.275583863 0.456236035 -2.08450532 -0.374614716 1.464020371
GCI,1.843080401 -1.070354342 -0.505101919 2.096348047 0.140260264 -0.565966606 0.153901547 -0.130375609 -0.684270024 -0.905839443 -0.371682465
GD,1.211865306 -0.14640151 0.271175414 0.406412631 -0.354563951 1.125102997 0.825690508 -0.234603599 -1.647538304 -2.0260396 0.568899989
GE,1.504044533 -1.310727358 0.850838184 -0.695511341 0.403518617 -0.191135034 1.057869077 0.157185435 -1.415511012 -1.275810719 0.915239632
GENZ,-0.071315169 -0.997084379 -0.292016685 -0.482961386 0.636611938 0.21464318 -0.965592861 -0.003486474 -0.901735365 0.130093947 2.732843161
GILD,0.793470263 -0.839460492 1.509033561 -0.520493627 1.967635512 0.15255855 -0.286726862 -1.434658766 -0.995941818 -0.296677887 -0.048738401
GIS,0.729403317 0.267117232 0.531587064 0.487930924 0.261428177 0.279641986 0.102746867 0.249301136 0.221251205 -3.099483252 -0.030924568
GLW,-0.061761469 -0.590563715 1.14737761 1.468470812 -0.910024166 -0.493054897 1.346711397 -0.736004889 -1.241465092 -1.014663935 1.084978342
GME,0.929851651 -0.598948896 0.116112709 -0.727616549 -0.709890604 -0.951386869 2.185557365 0.909298837 -0.427289873 -1.304988503 0.579300582
GNW,0.608160079 -1.9627949 1.292973995 0.11374516 1.166010857 0.73596859 0.728534222 -0.859440029 -0.586464643 -1.256148219 0.019454816
GOOG,0.792884588 0.980338037 0.852868378 0.665521026 -1.84036243 -0.167512164 0.822933137 -0.973506331 -1.011563778 -1.10228622 0.980685771
GPC,0.28358534 -1.581216455 -0.297004908 0.970274866 -0.467758179 1.221581101 0.69338727 -0.023722798 -1.410156131 -0.923725188 1.534755111
GPS,1.141273737 0.003838302 0.107151709 -0.219290391 -1.044425368 1.604302287 0.967529416 0.908888221 -1.402575612 -1.266028166 -0.800664186
GR,-0.705626488 -0.660209239 1.303106308 0.924150527 -1.065518737 0.545859993 0.786652923 0.409161299 -1.533327103 -1.2152704 1.211020827
GS,1.270807981 -0.667412341 -0.112654738 -0.008501742 -1.237640023 0.595007479 1.025341034 -1.55875659 -0.026139406 -0.924581289 1.6445297
GT,0.757181525 -1.971416593 0.597620428 0.708765388 -0.218269616 0.093160123 0.085201859 1.092129111 -0.89399153 -1.465675831 1.215295076
GWW,-0.047103185 0.379857212 0.496181756 -0.663322568 0.027513685 -0.001370353 0.801977158 -0.031448789 -2.089428663 -0.939997494 2.067141294
HAL,1.211336493 0.422781259 -0.117878817 -0.011476791 -0.567689598 0.063737713 -0.27388069 -0.089653991 -2.21897769 -0.382979572 1.964681864
HAR,0.973217607 -0.516345501 1.337627053 -0.570777178 -0.010052991 1.648234367 0.608018458 -1.328815699 -1.536774397 -0.672775447 0.068443626
HAS,-1.008858323 -1.011504173 0.911923468 0.712810278 -1.416057587 2.203790188 0.523601532 -0.600382745 0.138752073 -0.242676035 -0.211398661
HCBK,0.201139182 0.200982541 0.383100718 1.12668395 -0.873618364 0.698217273 1.576207638 -1.668882132 -1.468206525 -0.724836171 0.549211979
HCN,-0.795530856 1.305314779 0.13607952 -0.284338325 -0.902560174 -0.528431118 1.546557546 -0.321250558 -1.188606143 -0.71425432 1.747019649
HCP,-0.209867358 -0.348087728 1.0880059 -0.757456303 -1.534792781 -0.110900283 2.043735743 -0.796554446 -0.492162853 -0.158864915 1.276945114
HD,-0.395035803 -0.775625587 0.995535314 0.639925182 -0.49677965 1.360114694 0.378333181 1.043237805 -0.587100387 -2.270936251 0.108331464
HES,0.73761481 0.239640281 0.774855256 0.543791533 -0.78693223 0.148159772 0.843405902 0.125787064 -2.559952021 -0.921571374 0.855201125
HIG,1.23100853 -1.348550081 0.518254936 -0.562805057 0.305120468 0.137408867 1.759541154 0.023453955 -1.35523212 -1.298756361 0.590555668
HNZ,0.588311374 -0.177954912 1.433387995 -0.201416418 0.207914591 1.20217526 -0.628866971 0.436358362 -2.231703997 -1.112504721 0.484299362
HOG,-0.421384543 0.441620201 0.896406233 -1.037382722 -0.791939974 0.382395774 0.763448238 1.185301065 -0.853228807 -1.87929666 1.314061165
HON,-0.085147254 -0.470717609 0.529046834 0.041784219 -0.46284163 0.350699991 1.684324503 0.491185069 -1.748230577 -1.572766185 1.242662549
HOT,0.426518649 -1.233517766 0.244304776 0.679859459 -1.095170856 0.82868892 1.164555192 0.884595871 -1.576730371 -1.213103533 0.889999747
HPQ,0.7472651 -0.162452608 0.647863626 0.719742239 -1.429866672 1.179116488 0.664902747 -0.41936487 -1.879645467 -1.005711675 0.93815124
HRB,0.783788681 0.185325116 1.108359933 1.363878012 -0.502773345 -2.203071833 0.399209499 0.382699847 -1.341047525 -0.22348018 0.047111765
HRL,-1.65487361 0.268599927 0.579809725 0.33060661 -0.241223067 1.502958179 0.240092009 -1.375097394 -1.181129456 0.089758761 1.440498233
HRS,0.720049262 1.042327285 0.352908134 0.726484597 -1.569217682 0.350612223 0.307511955 0.737601995 -1.459861398 -1.756908298 0.548491895
HSP,1.655717254 -0.063069627 -0.016784495 0.848895669 -0.527711689 0.068709522 0.794183671 -1.168312669 -0.898018956 1.103686929 -1.79729557
HST,1.081699967 -1.709143639 0.350970507 0.526619792 -1.039846182 0.490781814 1.631323457 0.531155646 -1.283876419 -0.751577854 0.171892896
HSY,-0.54582113 -0.769589901 -1.774401546 -0.118429437 0.002081388 1.476989746 1.182154536 1.611384273 -0.446236491 0.127719238 -0.745850801
HUM,0.354160249 -0.840791404 2.043538332 0.597617447 1.578510761 -1.033537984 -0.74762696 -0.954146743 -0.377127886 -0.678000689 0.057404894
IBM,0.15879859 0.240365475 1.000855446 0.877663374 -2.308003187 0.971089482 0.01238957 -0.073507264 -1.172165751 -0.706033051 0.998547494
ICE,0.32685715 0.313198417 0.689656317 0.548627734 -2.340813398 1.583081365 0.462260634 0.377474308 -0.25322628 -0.574738383 -1.132377744
IFF,0.614610493 -0.403366774 0.781451046 -0.214496359 -0.877565563 0.523198426 1.635986805 0.400472641 -2.067908525 -1.081899405 0.689517081
IGT,0.55676198 -1.461992502 0.741811275 0.193618268 0.012093264 -0.209012255 0.825529039 1.826170325 -0.522109568 -1.904897451 -0.057972334
INTC,-0.69927752 -0.535500228 0.10663034 1.048325419 -0.912172258 0.973565698 1.456673622 0.383363128 -1.143382788 -1.667235732 0.989010334
INTU,-0.157077238 -0.034536794 -0.809214115 0.34028405 -1.368799448 1.129063606 0.505074978 0.387610465 -0.904998779 -1.189051032 2.101644278
IP,-0.454687446 -0.303172201 1.778592467 0.49244228 -1.735976696 0.029130667 0.604446352 0.880785584 -1.585956812 -0.391903073 0.686298788
IPG,0.987093806 -1.672201872 0.10636209 0.79129535 -1.125914335 0.759053111 0.418175071 0.16464904 -0.718037486 -1.267436266 1.556961417
IRM,-1.040560246 0.094304495 -1.051570177 -0.497445524 0.301167816 2.120542288 1.075258732 -0.931225955 -0.118270814 -0.958239317 1.006038547
ITT,0.779086828 0.459353089 -0.459176183 -0.595804751 -0.431171209 1.109078884 0.867560029 0.696653605 -2.200128317 -1.136508703 0.911056817
ITW,0.223794356 1.080609679 0.711881995 -0.283121049 -1.429103851 0.560241818 0.503845394 1.067862749 -1.42476809 -1.710527182 0.699284196
IVZ,0.788430631 -1.011228442 0.899982035 0.446280718 -1.500833511 0.112039208 0.963008046 0.392735809 -1.619926453 -0.792510867 1.322022915
JBL,1.45167625 -0.099660575 -0.46993205 2.063572168 -1.525241256 0.104151726 0.253258109 -0.667710304 -1.068605185 -0.475492984 0.43398416
JCI,0.203366667 -0.830583632 1.229774714 -0.129381374 0.066436261 1.348755479 0.589752972 0.019981587 -2.238898993 -1.001858115 0.742654562
JCP,1.099444032 -0.07054957 -0.998737395 -0.523467124 -0.464168042 0.994743884 1.451948762 -0.680669606 -0.387802213 -1.710273862 1.289530993
JDSU,-0.12262252 -1.444678426 1.316202879 0.371771276 -0.621680081 1.881964564 0.678030431 -0.097107984 -1.039296508 -1.210996509 0.288412899
JEC,0.556609035 -0.502023399 -1.752191067 0.854777157 0.160110027 0.377557784 1.744879484 0.777193129 -1.215053082 -1.149893284 0.148034304
JNJ,0.277893364 -0.505267203 1.553803802 0.749521017 -0.569432437 0.137571499 1.016721964 -0.293509483 -2.431560516 0.428229123 -0.363971055
JNPR,1.321554661 -0.853211462 0.174912006 -0.021651177 -0.821561277 0.92582196 0.654908061 -0.866154492 -0.768160403 -1.479624152 1.733166218
JNS,0.998646915 -0.633642793 0.174945563 0.296624631 -0.666146517 0.266454309 1.227244735 -0.042791899 -1.87834096 -1.267689824 1.524695754
JPM,0.226902008 -0.352291226 0.011847634 -0.238866329 -1.019298792 1.401002169 1.205552936 -0.731836021 -1.102733016 -1.180112243 1.77983284
JWN,0.745554924 -0.199795991 0.765960634 1.126111984 -1.140646815 0.527336657 0.930667043 -0.11304602 -0.680828094 -2.341616869 0.380302459
K,1.161887288 0.274984568 1.350027442 0.167216569 0.496497482 -1.41417253 0.544149816 0.654001772 -0.993642151 -1.912750721 -0.328199565
KEY,-0.432199627 -1.488382816 0.295763701 -0.667131841 2.152629852 -0.270742208 0.445959717 1.096441984 -1.138702393 -0.571506679 0.57787025
KFT,-2.035745144 0.594975412 -0.454999119 0.507199287 0.376971662 0.646739483 1.596338034 -0.652061164 -0.986548245 -0.647157729 1.054287434
KG,0.434685588 -0.598246038 1.810547471 0.431188554 -0.107968278 -0.496665478 0.506357193 -1.451410174 -0.9771083 -1.062634587 1.511253953
KIM,0.247535527 -1.079786897 -0.127176806 1.006645441 -1.11623168 1.037687421 1.362984657 -0.294379801 -1.31492281 -1.024912357 1.30255723
KLAC,1.183680773 -0.684708595 -0.580987453 1.252072573 -1.924035549 0.204831228 0.445729613 0.780091822 -0.884979546 -0.86250937 1.07081449
KMB,-0.729146838 0.676956952 1.773284793 -0.961272001 -1.757634044 0.391483992 0.688222408 -0.759633899 -0.365075946 -0.175460353 1.218274832
KO,1.666365027 -0.30256176 1.061757445 -0.301777542 -1.14390707 -0.766722441 0.577890754 -0.766328275 -0.957750201 -0.704619288 1.637653351
KR,-0.651053846 2.051105499 -0.510724783 -1.427910566 0.632030487 0.448365897 -0.299135953 0.376078725 -1.388199329 -0.327596605 1.097040415
KSS,1.982145429 0.027083129 -1.053683281 0.363371402 -1.075848103 1.317657948 0.416237503 0.167041749 -1.273255229 -1.040754795 0.170004323
L,-0.113651507 -0.521380067 0.820209265 0.303845525 -0.451617986 0.17916882 0.236447245 -0.185260311 -2.439194679 0.27434203 1.897091746
LEG,0.564822137 -0.143952489 -0.19313094 0.389321268 -1.438602805 0.263845026 1.506651878 1.406388402 -0.794990063 -1.837272167 0.276919633
LEN,-0.549623132 -1.016302943 -0.011625858 0.029004419 1.704965115 0.548892021 0.380298853 1.315028191 -1.169705987 -1.723649383 0.492718816
LH,-1.557580233 1.484850883 0.916767001 0.511655986 -1.345900774 0.64201802 0.682600081 0.806158662 -1.044244528 -0.204632163 -0.891693115
LIFE,0.850197613 0.052918158 1.259901166 0.916279018 -0.839894116 0.411700994 0.567730248 0.891344249 -1.523018003 -0.98581928 -1.601340055
LLL,0.919749856 -1.094744205 0.838084757 1.274278402 -0.515490472 1.125780582 0.00384543 0.227568507 -1.409193397 -1.71459949 0.344719857
LLTC,0.241658241 -0.924810767 0.166457415 1.378671408 -2.025104761 0.255094469 0.239890859 0.527913749 -1.089532971 -0.310397476 1.540159702
LLY,-0.444664061 0.520642161 1.685063839 -0.78578186 -0.477372944 -0.709450841 1.100931644 -0.939914405 -1.576186061 0.344257921 1.282474637
LM,0.968826592 -0.677821219 -0.571369171 0.804105937 -1.90948391 -0.00981491 1.356127024 1.307918787 -0.84292227 -0.774857938 0.349290937
LMT,0.574321508 -1.88525176 1.891333222 -0.396932125 -0.199869633 0.605873466 1.001219273 0.25971806 -0.902665973 -1.039754033 0.092008062
LNC,0.191541255 -1.507882357 0.223116234 0.793553352 -0.199409932 0.169918329 2.142866135 -0.113581486 -1.444618464 -0.907853842 0.652350664
LO,0.356409788 0.945465147 -0.086519636 0.554095864 -1.393688202 -0.912076533 0.56183213 0.82110709 -2.101200819 0.036350302 1.218224764
LOW,-0.29549402 -0.76169765 1.281471848 0.779296696 -0.823058009 1.027082443 0.232677698 1.28529501 -0.964907348 -1.920420289 0.159753621
LSI,0.647729218 -0.678137422 0.706117392 1.401798606 -1.398143053 0.889593005 1.395665765 0.006092082 -0.893686116 -1.09824276 -0.978786767
LTD,0.863084555 -0.524829865 -0.851342618 1.079538822 -0.685195744 1.10764122 0.603103936 0.345590055 -1.313619375 -1.724369168 1.100398302
LUK,0.013688163 -0.849315047 -0.573343992 1.342061877 -0.645515203 0.837709248 0.622431993 0.325600952 -1.509962678 -1.224144697 1.660789371
LUV,1.230554938 -1.460891247 0.393336654 1.870774984 -0.466312319 0.641792893 0.088536628 -0.413052887 -0.90738225 -1.379819989 0.402462572
LXK,0.673293889 1.145400047 -0.818489671 -0.324103862 -0.678566039 2.143248796 0.018061653 -0.37163955 -0.491809338 -1.693272829 0.397876799
M,1.369665623 -0.50396049 -0.883915186 0.038501885 -0.64180088 1.578352928 1.002093196 0.374592751 -0.581366897 -1.916900873 0.16473797
MA,-0.109794736 0.938754022 0.95633167 0.623556554 -0.350511879 -1.233193874 1.403510094 -0.347277761 -2.183112144 -0.208104521 0.509842455
MAR,1.133141994 -1.351050615 0.004099891 0.213049814 -0.726542771 -0.038406096 1.213388085 1.248027921 -1.236604571 -1.380951405 0.92184782
MAS,-0.785133421 -0.336072177 1.360947251 0.396902919 0.064686142 0.103474006 1.760974884 0.670063674 -1.446109772 -1.603102684 -0.186630756
MAT,0.23962912 -0.40249002 0.928274691 0.253416479 -0.665991783 2.298656225 0.424294889 -0.079975955 -1.731904626 -0.899022877 -0.364886343
MCD,-0.152816907 0.191685051 1.572330117 -0.897492468 -0.555846751 0.06296584 0.662813306 1.015490294 -1.975214243 -0.955524087 1.031609893
MCHP,-0.245977223 -1.403518438 0.914315224 1.353323102 -1.855212569 0.492447168 0.378259182 0.328895867 -0.90165776 -0.276305676 1.215431213
MCK,0.667277813 -0.518877685 0.907577693 -0.051745277 -1.262289286 -0.090433262 1.825942159 -0.443986297 1.262761712 -0.929603636 -1.366623759
MCO,-1.67932713 1.396889806 -0.370261073 1.059196353 0.214312315 -0.225365609 0.81362921 -1.136335135 -1.147466421 -0.178666934 1.253394723
MDP,0.821774721 -0.403286129 -1.502682686 1.932026029 -0.142771751 -0.299803436 1.300971985 0.354979128 -1.006509542 -1.107524514 0.052826252
MDT,-0.544396579 -0.285322338 2.538713694 0.527247846 -0.340147793 0.180752173 0.545301259 -0.410793632 -1.454292059 -1.043043256 0.28598091
MEE,0.023746522 0.010161282 1.699786901 0.528689742 -0.642780781 0.544105947 1.110128284 -1.919407248 -0.7179811 -1.180427313 0.543977737
MET,-0.060714662 -1.362550139 -0.146766275 0.241146311 -0.167034969 0.198498026 2.084573746 0.449555755 -1.467788696 -0.948444068 1.179524899
MFE,1.512441754 -0.287146121 -1.098825693 1.018672347 -0.754161 0.877973974 0.327011585 -1.590824842 -0.941123843 -0.268199742 1.204181671
MHP,-2.130646467 1.381904006 0.220666334 1.010556221 0.496787608 -0.292999655 0.365412235 -0.453040183 -1.482524991 0.109643959 0.77424103
MHS,0.187242985 0.256738007 2.238263369 0.344849467 -0.422768593 0.602573097 0.483279645 -1.181795478 -0.169429749 -0.523644269 -1.815308452
MI,0.724244177 -2.292889833 0.648053408 -0.400808245 1.539315104 0.064582638 0.745937049 0.706106544 -0.717359245 -0.805997908 -0.211183578
MKC,1.180759788 0.079024181 0.673392951 -0.235425964 -0.615635514 0.231101051 0.77781868 0.674896955 -2.057103157 -1.602389455 0.89356041
MMC,0.9450109 -0.513719499 -1.258943319 -0.424834996 -0.476796061 1.45235455 0.96664089 -0.182071418 -1.934114933 0.626069546 0.80040431
MMM,0.13143687 -0.159007356 0.457758784 1.003801107 -0.859811187 -0.420317292 0.51031971 0.874617338 -2.431376457 -0.416559994 1.309138536
MO,-1.177611709 0.095395662 0.406065285 0.675521553 -0.17683354 -0.140070826 0.041460965 0.382925123 -1.625799894 -0.819583833 2.338531256
MOLX,1.434704185 -1.308612704 -0.10580527 1.575890064 -0.811282396 0.030435646 0.090870559 0.669784427 -0.708690464 -1.604163289 0.736869276
MON,-0.4230313 -0.513164341 1.413951993 0.320883751 -0.377809554 -0.353910685 0.308558583 -0.753345668 -1.38619101 -0.540516615 2.304574966
MOT,1.76127255 -0.781227171 -0.030670138 -0.384090066 -2.045625687 0.845099151 0.272674084 -0.022741554 -0.383207887 -0.544002116 1.312518835
MRK,-0.627957582 0.130742654 2.460376501 0.047468517 0.762617886 -0.815512478 0.120056085 -1.371299148 -0.905047238 0.624884546 -0.426329821
MRO,0.572872639 0.183452711 -0.047758359 -1.167939186 -1.219167948 -0.846881628 1.93187964 0.179297104 -0.940924823 -0.188536212 1.543706059
MS,0.792594254 0.562585473 -0.230211258 -0.691657722 -1.066440582 0.631271839 0.482978284 0.39509207 -1.154367328 -1.625503063 1.903658152
MSFT,0.443304598 1.012656927 0.520011723 0.356379956 -1.027400255 0.121373534 0.172719866 0.433248788 -2.012373209 -1.43174243 1.411820292
MTB,-0.477006018 0.143665045 -0.433907092 -0.262273163 1.36336112 0.326766282 -0.159743205 1.320972323 -2.483186007 0.763018906 -0.101668216
MU,0.612159133 -1.079492092 0.542036533 2.376055241 -1.122853637 0.166837946 0.805539727 -0.663900495 -0.237176076 -0.468214512 -0.93099165
MUR,0.158040494 0.845747113 -1.041522741 -0.533905923 -0.799253762 0.243806466 1.18751502 1.014888048 -1.578346968 -1.000237107 1.503269434
MWV,0.020129537 -0.375219345 2.199299335 0.282591164 -1.535732031 -0.540906429 0.882524431 0.436422378 -1.19103539 -0.755086005 0.577012241
MWW,0.586887121 -0.328048229 -0.80496496 1.389297724 -0.700169563 -0.708475769 1.38728559 0.386332452 -1.036197901 -1.467159867 1.295213461
MYL,0.808836281 -0.388885587 1.279904842 0.132945597 -0.342267334 1.70155108 0.503088951 -0.56722343 -1.535255313 -1.61062932 0.017934337
NBL,0.90228039 0.013995269 -0.449657708 0.908395588 0.287546605 -0.362079054 -0.099568091 0.385198027 -2.7353158 0.007171377 1.142033339
NBR,2.047066212 0.015761159 -0.323865294 0.617914438 0.134206071 -0.221555755 -1.365167856 1.071904778 -1.46361661 -0.952465117 0.439818025
NDAQ,-0.407272995 -1.522809148 0.375467807 0.829689264 -1.029556513 0.521115601 1.710189581 0.020934643 -1.301497936 -0.438424736 1.242164493
NEM,0.461550891 -0.761754274 2.04323101 -1.249028325 -1.056976795 0.898547173 -0.034167226 0.508238375 -0.625849128 0.877433598 -1.061225176
NI,0.412474453 -1.156942368 0.946893215 0.81280297 -1.385389447 0.449294597 0.419015706 0.127134651 -1.511098623 -0.770648181 1.656462908
NKE,2.06178093 -0.905700147 0.127735198 -0.151202992 -0.938077807 0.471925259 0.868854225 0.064409517 -1.106206298 -1.404851437 0.911333561
NOC,0.615671813 -0.679337025 1.02407825 0.000857796 -0.084939845 0.946461737 0.767190754 0.22997652 -1.905755043 -1.783083081 0.868878245
NOV,1.618041515 -0.49720639 0.25733912 0.115461253 -0.788275778 0.46835196 -0.73371762 0.674533725 -1.361313939 -1.349270463 1.5960567
NOVL,0.026668714 -1.241263866 -0.9586519 0.289167136 0.456992239 0.183237791 2.585701227 -1.010524273 -0.001451951 -0.640375555 0.310500443
NSC,-1.134511113 0.71691674 1.253028989 -0.020728145 -1.720269442 0.995635986 0.910163462 0.559797883 -0.9703058 -1.137666583 0.547937989
NSM,-0.741878986 -1.017893434 1.626942158 0.806155443 -1.817489743 1.361412644 0.063481808 0.39024967 -0.603777051 -0.50095433 0.433751792
NTAP,1.282931924 -0.579998195 0.922049403 0.61784035 -2.474179983 -0.365061909 0.260383159 0.042474028 0.289441913 -0.827868402 0.831987619
NTRS,0.21691446 -2.092593908 0.137288436 1.306465626 -0.307076275 1.238807082 0.934390247 0.2180181 -0.988228619 -1.074187994 0.410202891
NU,-0.359160185 -1.069202065 0.793882191 1.098476529 -0.686546981 -0.091925234 1.301679373 -0.206281066 -1.660982132 -0.684265316 1.564324856
NUE,0.747288048 -1.676206708 0.819428444 1.271978617 -1.384179354 0.267037243 1.226709247 0.078141406 -0.496583015 -1.212107182 0.358493239
NVDA,0.334602833 -0.96299696 0.617939591 2.513149738 -0.829913318 0.431114435 0.549317241 -0.394434184 -0.760818303 -1.088226199 -0.409734905
NVLS,0.915306389 -0.598005235 -0.577619731 1.403320193 -2.027247906 0.375312388 1.427883983 0.240322277 -0.710515976 -0.748270869 0.299514443
NWL,1.308688879 -1.405688167 0.271530986 0.240291297 -1.262615919 -0.003991597 1.058571815 1.26110065 -0.433711499 -1.554362178 0.520185828
NWSA,0.946965992 -0.599170089 -0.294459194 1.751704574 -1.036998749 0.382025152 0.56064254 0.489243299 -1.70627594 -1.190462351 0.696784675
NYT,0.285584956 0.2027971 -0.237317234 2.85014534 0.14549844 -1.135744572 -0.034790814 -0.848368406 -0.563163698 -0.584921062 -0.079720117
NYX,0.171735778 -0.934583366 -0.769526124 -0.055304408 -0.976032615 1.482330918 1.428331971 1.178941369 -1.545060039 -0.50735867 0.526525319
ODP,1.567536831 -0.610861659 0.237218857 0.304357886 -0.68123585 1.584522605 0.622165382 -0.802911878 -0.885116458 -1.749219418 0.413543761
OI,0.887903273 -0.712122321 -0.488541931 0.565852642 -1.427060366 0.903024912 1.887168288 0.083556011 -1.179555893 -1.034268975 0.514044344
OMC,0.151279598 -0.902593195 0.738731742 0.786272466 -1.341097593 0.414081335 0.703861594 1.213317871 -1.497151613 -1.313159466 1.046457171
ORCL,-0.810302854 0.177531958 0.383980244 1.439021349 -0.986207724 0.842820346 0.474558115 -0.048787057 -1.944878101 -0.833696127 1.305959821
ORLY,-1.056980968 -1.213786244 1.61551857 -0.555750787 -0.444579333 0.175140783 0.454091221 1.876366973 0.230719551 -1.210536838 0.129797176
OXY,1.435604095 -0.309662014 0.681440949 0.001043886 -0.960089922 0.271088928 1.134385943 0.915591538 -1.668172002 -1.571816206 0.070584811
PAYX,0.711415172 0.132325053 1.832629442 -0.342359334 -1.006471276 0.837098658 0.694122374 0.035729803 -1.273655653 -1.776876211 0.15604201
PBCT,-0.50687933 1.543205619 0.390426397 1.01364994 -0.506889284 -0.352912366 0.120576411 0.170060635 -2.327480078 -0.557845116 1.014087319
PBI,1.347850919 -0.343247533 -0.929435253 -0.306735247 -1.223235726 1.118220806 0.758500457 0.373828501 -1.594392538 -0.545331538 1.343977094
PCAR,0.188837007 -0.497884512 -0.253261179 -0.52545315 -0.356612653 -0.492505848 2.22287631 0.530303001 -1.598905325 -0.588834405 1.371440768
PCG,-0.293380052 0.443527907 0.259163886 1.173645616 -1.618640304 -0.42490083 0.076866075 0.606961489 -1.580976844 -0.477971137 1.835704088
PCL,-0.094399057 -0.024367422 1.426744223 1.219604135 -0.941354513 -0.468764275 1.127917528 0.084236443 -2.172297716 -0.497603148 0.340283841
PCP,0.904210806 -0.956000388 0.531116724 0.353317529 -0.825009942 0.427144498 0.987318993 -0.195278257 -1.299115896 -1.590997696 1.6632936
PCS,0.871986747 -2.001768589 -0.257734448 1.078171968 -1.691319227 0.40401262 0.705831945 0.297319263 0.885823667 -0.678085327 0.38576147
PDCO,0.029826151 -0.863040566 -0.296179503 1.850607038 0.445616812 0.830048084 0.974435866 0.624007404 -1.429915905 -0.831517398 -1.333888054
PEG,-0.224707574 -1.29157114 1.143221736 1.0187186 -1.564016104 -0.614660501 -0.214895025 1.536981702 -0.950597465 0.329811037 0.831714809
PEP,0.603730261 0.729870081 0.194252431 -0.983352542 -0.889823735 0.951268077 1.259865165 -0.747383237 -1.336802363 -1.203187585 1.421563506
PFE,-0.008090384 1.037647724 1.377993703 0.20770292 0.737143815 -1.088977456 -0.30365479 -0.352470338 -1.723110318 -1.178964376 1.294779539
PFG,-0.305626005 -0.830031812 0.215186924 -0.479330719 -0.361050636 0.113708325 2.595569134 0.048604589 -0.640163481 -1.315416455 0.958550274
PG,1.604200482 -0.650577068 2.125994921 -1.079846263 0.091300353 0.445524514 -0.328624099 -0.804799438 -0.795755208 -0.821946263 0.214528099
PGN,-0.477426499 -1.245506167 0.975403547 1.106430531 -1.46019268 -0.621764362 0.556746125 0.200627819 -1.033709049 0.255091369 1.744299412
PGR,-0.250992388 -0.881572962 0.481083363 1.016277552 -1.75463593 0.312754691 1.756477714 0.64287293 -0.773909926 -1.131856084 0.583501101
PH,0.586280882 -0.016657688 -0.117424428 -0.381820381 0.185402587 0.779606879 0.703645468 0.633076668 -1.976786852 -1.774451256 1.379128098
PHM,-0.912817836 -1.165994406 0.23325628 0.944871187 0.610930681 0.432168186 0.50605768 1.495968223 -0.983475149 -1.838430524 0.677465618
PKI,0.66882205 -0.716207087 0.211310774 1.205113769 -0.437113702 1.374132752 0.986284435 0.579747438 -1.488618255 -1.413259864 -0.97021234
PLD,0.788640738 -0.793374777 1.985102177 0.504168272 -0.915096223 0.238650098 0.250270933 -0.04562268 -1.547914028 -1.254822373 0.789997876
PLL,0.729430139 -0.351076603 -0.469386816 1.362444878 -0.911619067 1.457812667 -0.006911901 -0.77961129 -1.881159186 -0.20896174 1.059038877
PM,0.853691339 -0.119326465 -0.470318794 -0.157670096 -1.066405416 1.010566831 0.832222104 -1.120525122 -1.782244682 0.423634917 1.596375346
PNC,1.222547889 -0.156303942 1.320337296 -1.244857669 0.179227263 -0.740882754 0.873654842 1.049376249 -1.156874657 -1.538552046 0.19232747
PNW,-0.493393451 -0.160241365 1.365318894 0.84313345 -1.026905894 0.074549533 0.659541965 -0.718189597 -2.178557634 0.64027971 0.994464338
POM,0.427124798 -0.973355353 2.278092623 0.336876094 -0.816097856 0.154347062 0.062107079 -0.784723997 -1.028560996 -0.862383604 1.206574202
PPG,0.438557267 -0.616124034 0.240164489 -0.592329502 -0.319815189 0.407439709 0.626876056 0.835107744 -1.76214087 -1.253712296 1.995976686
PPL,0.621919572 -0.393705338 0.677574635 1.071105719 -1.386024356 -0.493106872 -0.371666312 -1.708977699 0.797610343 -0.477473319 1.662743449
PRU,-0.350350797 -1.504765511 1.276316404 -0.205755904 -0.12452136 0.428882092 1.767921805 0.456292629 -1.346163392 -1.06988132 0.672025442
PSA,0.522809744 -1.287021756 1.264977455 -0.13836427 -0.928589463 0.084947594 1.334418297 0.322922111 -1.16973722 -1.293177605 1.286815286
PTV,0.40411979 -1.901398778 0.402997196 -0.434091628 -1.277127624 1.13630259 -0.057253089 -0.17255044 1.530262351 -0.683256328 1.051995873
PWR,0.012277099 -0.771396995 -1.583601356 1.672006369 -1.874061584 0.645552814 0.131417632 0.762409389 0.451138288 -0.052178029 0.606436253
PX,0.824034572 -0.553394973 0.20900844 -0.536738992 -1.179599524 -0.246619388 1.424227476 -0.064426698 -1.359495282 -0.533295393 2.016299963
PXD,1.620799303 0.75411278 -0.75616014 0.836346269 -1.404865384 -0.090896145 1.21316123 0.602706552 -0.690657973 -1.224578738 -0.859967709
Q,0.264347643 -1.785290241 -0.204183728 1.693511605 -0.686140001 0.603308976 1.558761597 -0.656426907 -0.65648371 -0.656540334 0.52513504
QCOM,-0.183227286 -0.630149841 0.968339026 0.423768342 -1.435975075 -0.522116542 1.615288258 -0.668121219 -0.693751514 -0.65085119 1.776797175
QLGC,1.249711514 0.187747642 0.352517843 0.719186962 -1.352201462 0.8208763 1.653573275 -0.716720283 -0.991984129 -1.260318041 -0.662389755
R,0.130971745 0.379834801 -0.316111386 -0.01024283 -1.512183785 -0.536428154 0.936038554 2.100526094 -0.576083779 -1.385826945 0.78950572
RAI,-1.138187408 1.370423794 0.37011677 0.886652172 -0.425337195 -0.703684986 -0.002767874 -0.77069509 -1.089547515 -0.536237717 2.039265156
RDC,0.78518337 -0.022227816 0.197251856 -0.94645226 -0.666970015 1.641443133 0.827380598 -0.00819286 -1.703316569 -1.217767835 1.113668323
RF,0.192908868 -1.743468404 1.258482814 -0.879192889 1.153390288 0.215206102 0.897889137 0.644083858 -1.148002863 -1.154702067 0.563405216
RHI,-0.554265201 -0.541034341 -0.727949917 2.280687332 0.086040981 0.42454645 1.051696301 -1.154213786 -0.878092945 -0.791072607 0.80365777
RHT,1.89894712 -1.038308859 -0.11139252 1.37602973 -1.730242729 -0.049128547 0.096987717 -0.161439642 -0.602511287 -0.533684552 0.854743481
RL,1.65410614 -1.005421877 0.621400237 0.421605945 -0.082875766 -0.546825826 0.546543777 0.463397741 -0.65192008 -2.199404478 0.779394329
ROK,-0.116341248 -0.80626303 0.391907662 0.742289424 0.006249907 1.307392836 0.214920029 0.702496886 -2.017184973 -1.482234836 1.056767225
RRC,0.649293244 0.721024573 -0.723035216 1.223311186 -0.856418133 1.878382802 -0.805046856 0.626506388 -0.572905838 -1.311891198 -0.82922101
RRD,2.043494463 -0.492517263 0.174905792 0.879428148 -1.161485076 0.044643905 0.786855161 0.081758484 -1.148990273 -1.539669752 0.331576407
RSG,0.363078535 -0.699139535 1.140900731 -0.379769772 -1.653628826 0.64855516 0.225651875 1.065948963 -1.827527285 -0.002710462 1.118640661
RSH,0.885665715 -0.050994843 1.008915782 -0.013520899 -0.496710867 -0.481682479 1.792735934 -1.212494969 -1.268052578 -1.179822326 1.015961647
RTN,0.262205333 -0.783007681 2.054136038 -0.006278121 0.276766598 1.148629904 0.244814843 0.321467519 -1.602124214 -1.218984723 -0.697625399
S,0.402233213 -1.651029229 0.924121678 -0.332807571 -1.049106002 -0.105101489 0.893038452 0.707692802 1.421280265 -1.601417899 0.391095787
SBUX,0.829942346 -1.654307604 1.951307893 0.354292184 -1.137593508 0.332636297 0.44259271 0.595791996 -0.424947739 -1.225138187 -0.064576387
SCG,-0.08224082 -0.573009908 0.330191284 1.287968993 -1.391949058 0.046258576 0.695178747 0.851088107 -1.93975246 -0.529958427 1.306224942
SCHW,1.060243011 -0.97140348 0.853947759 0.588986278 -0.180415362 0.229629472 0.505191088 0.664261758 -1.929183364 -1.6385144 0.817257285
SE,-0.080751002 -0.143720731 0.217635721 0.906408787 0.50224936 0.302099288 0.451341957 0.499739081 -3.006172419 -0.147045538 0.498215556
SEE,0.384446472 -0.252748191 1.980029702 -0.538542509 -1.714920402 0.25030601 0.283740669 0.092407733 -0.722066522 -1.092849016 1.330196023
SHLD,0.050086994 0.170304731 0.109367967 1.065614939 0.661900461 0.024553666 0.769631147 0.645796955 -2.019197702 -2.004612684 0.526553631
SHW,-0.237664312 -1.167229176 0.959234893 -0.021729492 0.19858256 -0.220084175 0.82067436 2.144142866 -0.512340188 -1.727256775 -0.236330628
SIAL,0.65416038 -0.492602646 0.034353677 -0.831065953 -0.845368266 -0.198192611 1.463119745 1.203606009 -1.458446145 -1.001012564 1.471448302
SII,-0.04035918 -0.008192181 -1.047906518 -0.349031478 0.519072711 2.280412436 -0.013052268 0.514817894 -1.940367699 -0.328400195 0.413006455
SJM,-0.039136004 -0.589545786 2.048724413 0.499720365 -0.757312715 -0.39766559 -0.116203889 -0.051558994 -1.948121786 1.287176967 0.063922957
SLB,0.612506747 0.424867928 0.200377271 0.113924079 -0.409860194 -0.555033684 0.351083696 1.388601661 -2.665932417 -0.282972127 0.822436988
SLE,2.139683247 -0.668356299 0.833611488 -0.726900339 -0.855769038 1.499741554 -0.256959975 -0.383650422 -0.860315442 -0.888205647 0.167120755
SLM,-0.593479455 1.454407573 0.647250116 -0.044111036 -1.118184566 0.352926493 1.024202347 -0.618186653 -1.426048756 -1.108315825 1.42953968
SNA,-1.135225415 0.043142114 -0.032337308 1.93077004 -0.671469986 0.172840491 0.092180185 1.190859914 -1.316012621 -1.210560679 0.935813189
SNDK,0.763929784 -0.606803 -1.109289646 2.220705748 -1.31975174 0.290932328 0.537167251 0.313090473 0.4308604 -1.167276025 -0.353565693
SNI,1.615131855 0.177086875 0.03347202 0.320099175 0.022311995 -1.467186093 1.36015141 -0.073983893 -0.451549619 -1.964629054 0.429095328
SO,0.088676497 0.4355793 -0.731605768 0.756193221 -1.480154157 -0.549747586 0.911764324 0.867797315 -1.887671709 0.165365085 1.423803568
SPG,0.723329127 -1.354513764 1.19197309 0.811411202 -1.67547369 0.673056483 0.473805875 0.338916838 -1.004012227 -1.07396853 0.895475566
SPLS,1.036099315 -0.7318995 0.912993312 0.767200112 -0.579966664 1.351872325 -1.188661933 0.111067861 -1.113404036 -1.503314972 0.93801415
SRCL,-0.857084513 1.400081158 0.114737771 -0.292102963 -1.219650626 0.36779806 -0.677531421 1.083864927 -0.534255505 1.803072929 -1.188929796
SRE,-0.161835089 0.641709268 0.761327684 1.144420624 -2.020406485 -0.678081155 0.312707126 -0.318131834 -1.400546789 0.362860411 1.355976224
STI,-0.388873965 -1.303925633 1.668359876 -1.153163552 1.295676947 -0.290225655 0.76373297 0.617952764 -0.78044337 -1.110656023 0.681565762
STJ,0.265617222 -2.098873138 1.2877388 0.081554368 0.509539068 0.27978456 1.372144222 -0.052799217 -1.477769256 -0.551466286 0.384529531
STT,0.276715845 -1.865633368 -0.082759425 0.854037344 0.082851119 0.777404428 0.308218271 -0.152441055 -1.110340834 -1.015160322 1.927108049
STZ,0.120495133 0.322940111 0.989694178 -1.173022032 -0.086406186 -1.113564491 1.073506713 1.326214433 -1.438599229 -1.082349539 1.061090827
SUN,0.269669414 0.672733188 -2.270293236 0.047498588 -0.707166135 0.202688366 0.969838917 0.733263433 -1.215028286 1.348989725 -0.052193958
SVU,0.626216352 0.654708743 -1.065663099 -0.621359646 1.657847404 0.517123282 1.036085367 -0.867423773 -0.764704704 -1.714061618 0.541231811
SWK,0.104694501 0.341424227 0.493717283 0.3364923 -0.530603528 1.084102035 -0.426910698 0.62781477 -1.816932559 -1.712851405 1.499053001
SWN,2.188865423 0.287708461 0.088599257 1.329122663 -1.564859152 -0.128150329 -0.622255802 -0.377836645 -0.750414014 0.36273542 -0.813515425
SWY,0.358919293 1.706319451 -0.01886869 -0.880788565 0.628120899 1.402155876 -0.164824069 -0.837667048 -0.993495047 -1.69245553 0.492583454
SYK,1.415603042 0.003425481 1.413858771 -0.219615787 0.312741935 0.176205039 1.107305169 -0.144260973 -1.512522817 -1.160026789 -1.392712951
SYMC,1.38548398 -0.465329409 1.925098062 0.263014555 -0.570313334 -0.171173796 0.468791008 0.025943903 -1.983707309 -0.127969638 -0.749838054
SYY,-0.953671873 1.473659039 -0.385596216 0.311500221 -0.370887637 0.294764429 0.04017036 1.088660121 -1.598112822 -1.310935259 1.410449624
T,0.73491025 -0.719738424 0.655799806 0.808538139 -1.960925698 -0.459679216 0.830071688 0.156627715 -1.395287871 -0.109485798 1.459169388
TAP,0.615090847 0.104378082 -1.389394522 0.045405984 -1.329075217 -0.702343106 0.897841096 1.158877015 -1.426247835 0.709414124 1.316053629
TDC,0.077930525 0.129504934 0.350636095 0.905781806 -2.073615789 1.189411163 -1.134562731 -0.177627042 1.330093503 -1.024283051 0.426730722
TE,0.63267833 -0.781596363 0.930205464 1.368241906 -1.044303298 -0.618549526 0.278270155 0.777583182 -1.759738564 -0.885363519 1.102572322
TEG,0.221596286 -1.223771453 1.483354211 0.927086055 -0.559112072 0.347152621 0.692539394 0.24760583 -1.922136068 -1.029609919 0.81529516
TER,0.829299927 -0.8594293 -0.066361949 1.649481893 -1.459713221 0.358097732 0.801056325 0.589083552 -1.21018064 -1.299768925 0.66843456
TGT,-0.325294644 0.488822162 -0.892304361 0.599230409 1.02584219 -0.088822909 0.236734241 1.455373168 -1.020219564 -2.17677021 0.69740957
THC,1.793278575 -0.990627706 -0.839201093 1.246164083 0.134840861 -0.407868862 0.542832553 0.594351649 -0.66349262 -1.772495627 0.362218231
TIE,0.374295413 -1.413503647 0.343721807 1.082766652 -1.092869163 -0.569301307 1.858152866 -1.08940196 0.246233851 -0.682137191 0.942042708
TIF,0.526113808 -0.151930168 1.068486571 -0.113673531 -0.89577806 0.947451293 0.659241557 0.051836021 -0.986675441 -2.259001255 1.153929234
TJX,0.380991817 0.083640903 -0.002769579 -1.246925235 0.51284641 1.623273969 0.139982089 1.514867306 -0.670733094 -1.839959502 -0.495215029
TLAB,0.557591677 -0.952173948 -0.84029609 -0.043554809 0.866208732 0.429513097 0.588264227 1.389328361 -0.213833839 -2.345100164 0.564052641
TMK,-0.04194323 -0.739711046 -0.070448928 -0.207301065 0.004541921 0.279381007 2.536196232 -0.408224821 -1.155203819 -1.187716484 0.990430117
TMO,-0.651921511 0.685817182 0.784748018 0.168891609 -0.618728042 1.050212264 1.012273073 1.385237455 -1.105131984 -1.097055316 -1.614342809
TROW,-0.000579208 1.049535871 -0.353250146 1.01184833 -0.981658399 0.161668658 0.962735176 0.482611567 -1.889006138 -1.433030486 0.989124894
TRV,-0.730914176 0.760413051 1.111469388 -1.476287961 0.47205016 1.125552893 0.756578982 -1.809383392 -0.774019122 -0.152647987 0.717188001
TSN,0.155275837 -0.603183866 -0.771973133 -0.19769907 0.945606649 2.101324081 0.918541491 -0.174103603 -1.534683824 -1.156425118 0.317320615
TSO,0.779588103 -0.396350443 -1.241672039 0.737539947 -0.840569258 -0.484360248 1.950350165 -0.570939362 -1.216078877 0.017870355 1.264621615
TSS,0.632429242 -0.498645365 1.366577387 -0.026069371 -2.024698496 -0.076533079 1.1474576 0.242205486 -1.049754262 -0.820697308 1.107728004
TWC,1.589443684 -1.818373203 0.43971768 -0.712678671 0.124178655 0.355147988 1.263748884 0.149843976 -0.906643927 -1.181751728 0.697366595
TWX,0.322998554 0.264313132 0.451131523 -1.113535523 -1.227680445 0.788230419 1.116341829 0.787525356 -1.31783843 -1.386327267 1.314840794
TXN,-0.594991922 -0.199589595 1.15870142 0.422794878 -2.113125563 1.228995442 0.01664497 0.915959477 -0.967363238 -0.748050749 0.880025029
TXT,1.679089665 -0.532228351 0.444343239 -0.806852102 0.029722376 -0.12325161 0.259377122 0.343542069 -1.083947778 -1.785762906 1.575968266
UNH,-1.745361686 0.357884914 1.479414105 0.804718971 1.099905729 0.244828433 -0.679552674 -1.239763737 -0.766634464 -0.496853799 0.941414297
UNM,-0.70676738 -1.043819785 -0.617125809 0.29146266 -0.015759982 0.808987617 2.530772448 -0.214794174 -0.809954166 -0.872611642 0.649610221
UNP,-0.689109981 -1.059628844 1.732109308 -0.183241606 -1.11102581 1.332223058 0.958145499 0.140247598 -1.150581956 -0.72528106 0.756143868
UPS,0.503344297 -0.808890462 0.513351262 -0.311349839 -0.189064994 -0.051254928 1.067912221 0.74380672 -1.582106352 -1.599712491 1.713964462
USB,-0.611322045 1.034711957 0.273066074 -1.11320734 1.600025296 -0.388966948 0.663731873 0.406104892 -1.679353714 -1.114089966 0.929299891
UTX,0.157561928 0.178505898 1.042796612 0.266092479 -0.853531957 -0.012218828 1.011128187 0.003912149 -2.217599154 -1.018498182 1.441850781
VAR,-0.698982477 -0.543379843 1.449487925 -0.338327378 0.721818924 -0.764955282 1.563845515 -0.090362586 -2.037574768 0.278733402 0.459696472
VFC,0.427193046 -0.589366496 0.221083745 -0.1084674 -0.480221301 0.945682645 0.341415137 1.007773995 -1.868998051 -1.473474979 1.577379704
VIA,1.330544114 -0.81231916 0.74636656 -0.443205088 -0.867013514 -0.168147266 1.966445208 0.442290515 -1.328851461 -1.078369975 0.212260053
VLO,0.4923971 -0.368699998 -1.774016976 0.730577767 1.28910923 -0.531367123 1.592123628 0.745378911 -1.176311016 -0.39183408 -0.607357323
VMC,0.720697463 -1.16996479 0.362062842 0.771851003 -1.37636435 -0.131770387 0.78748858 1.866703987 -1.009220243 -1.12226367 0.3007797
VNO,0.826707721 -1.603343487 1.175258636 0.305030227 -1.15442872 -0.226948559 1.152561903 0.639117479 -1.083741307 -1.008971691 0.978757799
VRSN,1.579949975 -1.350894809 -0.548251927 0.918610752 -1.446858168 1.050308704 0.28692919 0.361931026 -0.081639767 -1.339339495 0.569254518
VTR,-1.00415206 -0.265994519 1.787852287 -0.133658588 -1.406737208 0.532320142 1.174906254 -0.701814592 -0.717424631 -0.577854991 1.312557817
VZ,-0.373925209 -0.11229039 1.008652091 1.057650328 -1.976179957 -0.224107593 1.409801841 -1.174098849 -0.795626462 0.415937483 0.76418668
WAG,1.580732822 0.031859841 0.814570308 -0.577223718 -0.076260902 -0.132592306 0.86748594 -0.5306229 -1.013182998 -2.056254148 1.091488123
WAT,1.338721514 0.048169419 -0.006403674 0.458671093 -1.621980309 0.349342883 1.665241122 0.641042769 -1.14137423 -1.223904371 -0.507526219
WDC,0.7463606 -0.570721805 1.029276729 1.941067696 -1.099464059 0.307402968 0.239679411 0.640412271 -1.21922183 -1.046003461 -0.968788564
WEC,-0.508130491 -0.908900797 0.153361365 1.86049974 -0.747445285 -0.589364827 0.062018413 0.965160489 -1.788247228 0.386576593 1.114472032
WFC,0.259565145 -0.376125693 0.222848624 -0.528802454 0.636500359 -0.540266573 1.726164341 0.772447705 -1.7614609 -1.430459857 1.019589305
WFMI,0.141918778 0.230137691 -1.983294964 0.323298067 -0.333645463 2.277255297 -0.10805016 0.400370628 0.03862318 -1.175779462 0.189166412
WFR,0.584837079 -1.540569544 -0.036683813 1.2400949 -0.295226663 -0.00680106 2.236092806 -0.86907059 -0.65426892 -0.688377857 0.02997363
WHR,0.57940644 -0.035973448 0.043602895 0.561152518 -0.932380319 0.866394103 0.072236188 2.098434687 -0.670811474 -1.807787061 -0.774274409
WIN,2.135158062 -1.101148009 0.034330543 1.10222578 -1.261711597 -0.643133402 0.644886792 -0.208152011 -0.866741836 -0.543562055 0.707847774
WLP,-1.156932354 -0.254664004 1.852097631 0.871290028 1.030128002 -0.32615155 0.446427673 -1.828009963 -0.519680202 -0.516687989 0.402182668
WM,-0.353927016 0.310603648 1.305649877 0.369632751 -1.407933712 0.385494143 0.656426787 -0.115669444 -1.637043953 -1.091413975 1.578180909
WMB,0.939890265 0.043842565 0.979158819 0.569655418 -0.401328236 0.211884037 0.741375208 0.054930732 -2.475229025 -1.260929108 0.596749365
WMT,-0.805449188 0.328504145 2.017297268 -0.478944927 -0.04310856 0.228919566 0.588285267 -0.811189175 -1.299377322 -1.119424939 1.394487858
WPI,0.456472337 -1.651862502 1.483974338 1.015616298 -0.853598475 0.43299827 0.673188388 0.209433556 0.32537663 -1.795099497 -0.296499223
WPO,1.026006103 -0.875186801 -0.705239117 0.830719709 -0.148260206 -0.433337241 0.750918686 1.872886896 -1.077031016 -1.564647198 0.323170096
WU,0.714864671 -0.401960701 0.254183084 0.36418283 -0.129171699 -1.842729568 1.051279306 1.067883134 -1.540086865 -0.767689109 1.229245186
WY,0.166668534 0.209707975 0.692836285 0.872296274 -0.139092878 0.34534359 0.942424238 0.795033097 -0.498630077 -0.682018757 -2.704568386
WYN,0.210939407 -0.348161221 0.599018514 0.29324019 -0.126023889 0.377293795 0.597482145 -0.113863021 -1.603718758 -1.851362586 1.965155363
WYNN,1.617950559 -1.901220322 0.903793514 -0.990105867 0.03707232 -0.189369455 0.870432675 0.683482528 -0.680526435 -0.945011675 0.593502283
X,-0.022607125 -1.18911624 1.312696457 1.187924504 -1.160088062 0.953883529 0.99946481 -0.86144495 -0.843969941 -1.102479458 0.725736439
XEL,-1.017681837 -0.307695091 1.297356486 0.949675083 -0.874926269 -0.252602041 0.232748806 0.434843689 -1.91861856 -0.128781185 1.585680962
XL,0.022081096 -1.009764314 1.659042358 -0.048437219 -1.206757665 1.138834476 0.400257021 -0.84520936 -0.206552476 -1.284039617 1.380545735
XLNX,0.502983212 -1.308616996 0.029085351 1.394264698 -1.353255987 1.20435214 -0.58698374 -0.187172264 -1.235702991 0.173034459 1.368012309
XOM,0.070066281 1.579504251 0.509527564 -1.43580842 -0.780071855 0.369232833 0.757467389 0.422179163 -1.727092028 -0.796777606 1.031772375
XRAY,0.599754691 0.584117353 -0.874853194 1.16266191 -0.680116057 -0.075649932 1.136914015 1.076491356 -1.916043282 -1.240694165 0.22741726
XRX,-1.136464953 -0.4560377 0.107111543 0.766644657 0.132269472 0.541150093 0.223942876 0.946288109 -1.516046524 -1.427761197 1.818903685
YHOO,2.193749905 -0.996924341 -0.669508755 1.210529566 -1.058053732 0.199229121 0.797458947 -0.00105003 -0.722438633 -0.980903387 0.027911337
YUM,-0.572018683 -0.457730591 0.589738131 -0.471648872 -0.700515807 -0.572308123 2.041074276 1.521828771 -0.924078643 -1.131519079 0.677178621
ZION,-0.109200366 -1.149821877 -0.685487092 -0.315380782 2.22990799 -0.306942552 0.70864588 1.404475451 -1.034286261 -0.695169985 -0.046740342
ZMH,1.918200612 -0.305979282 1.679720044 -0.215055212 -0.973876297 0.096241541 0.337509781 0.276177257 -1.541682005 -0.750651896 -0.520604491
